GRLIB_Marker_ATM = [[12335.7,6843.45,0],[2780.13,8935.11,0],[6838.65,3691.78,0],[7430.24,5633.51,0],[5643.93,12799,0],[10068.9,13441.6,0],[3054.59,3155.49,0],[4551.94,7064.52,0],[8651.47,8285.18,0],[6499.94,10799.2,0],[10119.7,2995.64,0],[2560.32,12295.9,0],[4668.24,13676.4,0],[10904.8,13807.2,0],[4319.34,1745.92,0]];

GRLIB_Marker_SRV = [[1903.89,13001.1,-0.000513077],[1017.11,9019.39,0],[4346.16,11431.7,-0.000171661],[2703.45,6418.22,0],[4695.06,7638.88,0],[5102.11,5531.78,0],[2383.62,3308.43,0],[886.278,3482.81,0],[1976.58,1390.25,0],[4607.84,1346.66,0],[7413.54,2378.41,0],[7021.04,634.602,-8.2016e-005],[6686.68,4601.75,-0.000154495],[10335.5,3293.9,0],[9361.54,4965.05,0.000228882],[10742.6,765.387,0],[12196.3,4252.99,-0.00143814],[13664.6,1462.91,0],[13940.8,5459.12,-0.000202179],[11106,8220.15,-4.00543e-005],[6599.45,7246.52,1.90735e-006],[8780.05,10094.7,0],[6250.56,10254.6,0],[6366.85,11402.6,0.000213623],[8343.93,13015.6,0.000190735],[12167.3,12448.9,0],[9754.05,12187.3,0.000671387],[10858.9,14134.5,-1.71661e-005],[14478.7,12666.8,0.001297],[14217,10225.5,9.72748e-005],[4636.91,13073.7,-0.000267029],[1743.98,9963.95,1.90735e-006]];

GRLIB_Marker_FUEL = [[691.81,4801.13,0],[451.415,6847.8,0],[1436.94,5454.78,0],[12059.8,6703.81,0]];

GRLIB_Marker_SHOP = [[926.762,1723.48,0],[819.017,7320.41,0],[4477.78,9829.9,0],[5816.95,8158.77,0],[8239.45,3594.36,0],[10487.3,2492.69,0],[12977.1,3205.12,0],[13339.7,8422.08,0],[12609.1,11267.4,0],[11798.4,14887.8,0],[2593.62,13453,0]];